-58526.9
-51783.8
-38926.2
-38349.9
-24237.6
-20545.2
-11299
-6643.74
-5898.85
-5628.78
-5503.71
-5211.97
-4871.69
-4526.89
-4527.29
-4251.96
-4102.55
-4076.33
-4017
-4061.13
-3798.98
-3762.24
-3741.37
-3727.6
-3756.53
-3679.82
-3640.88
-3575.57
-3585.08
-3492.17
-3604.81
-3542.19
-3415.26
-3402.36
-3514.35
-3551.07
-3441.59
-3362.71
-3244.74
-3189.14
-3063.73
-3030.78
-2928.93
-2902.39
-2911.76
-3028.97
-3053.38
-2990.55
-2950.43
-3044.22
-3135.77
-3063.71
-3045.36
-3141.01
-3026.99
-3017.68
-3017.59
-3063.91
-3012.04
-3140.79
-3078.23
-3099.61
-3119.07
-3116.67
-3140.99
-3119.49
-3090.63
-3075.5
-3125.69
-3129.04
-3081.92
-3198.04
-3192.19
-3186.87
-3290.64
-3229.08
-3215.22
-3292.76
-3151.94
-3139.1
-3188.61
-3242.85
-3212.95
-3167.46
-3137.12
-3164.24
-3160.33
-3277.89
-3228.94
-3253.13
-3207.55
-3217.56
-3398.37
-3335.84
-3419.29
-3492.02
-3438.2
-3504.99
-3387.34
-3382.98
-3249.5
-3280.02
-3352.85
-3254.81
-3186.51
-3205.25
-3177.92
-3108.93
-3242.08
-3173.91
-3185.55
-3082.67
-3081.65
-3098.34
-3046.91
-2987.84
-3060.42
-3123.93
-3120.64
-3116.34
-3024.26
-3064.85
-3026.34
-2952.64
-3020.23
-2978.84
-2944.3
-2806.21
-2885.62
-2892.86
-2884.11
-2793
-2863.28
-2826.95
-2851.94
-2832.43
-2836.3
-2907.28
-2896.1
-3022.44
-3108.84
-3015.7
-3077.43
-3174.85
-3202.76
-3243.23
-3173.6
-3201.42
-3252.96
-3319.68
-3283.89
-3268.9
-3217.23
-3149.07
-3195.46
-3136.91
-3223.45
-3144.64
-3133.57
-3151.5
-3190.63
-3192.79
-3261.32
-3248.01
-3389.54
-3479.64
-3444.07
-3381.57
-3344.69
-3324.67
-3319.01
-3282.46
-3213.18
-3246.36
-3131.63
-3105.36
-3163.45
-3265.12
-3426.74
-3314.31
-3275.99
-3185.98
-3175.26
-3115.54
-3170.51
-3122.01
-3123.52
-3117.47
-3009.1
-3057.4
-2997.54
-3048.41
-2957.37
-2832.17
-2805.15
-2898.56
-2902.08
-2813.87
-2925.63
-2879.04
-2784.39
-2799.31
-2782.11
-2784.42
-2877.27
-2891.94
-2908.52
-2731.89
-2791.52
-2860.76
-2940.66
-2972.79
-2950.8
-3064.89
-3152.28
-3160.31
-3092.96
-3116.86
-3226.58
-3183.98
-3077.5
-3148.87
-3216.19
-3140.5
-3191.98
-3299.54
-3413.65
-3314.92
-3381.82
-3377.11
-3352.4
-3311.14
-3303.28
-3396.56
-3420.1
-3445.61
-3538.88
-3443.78
-3473.95
-3499.89
-3510.31
-3416.99
-3528.24
-3471.23
-3510.2
-3497.29
-3332.08
-3420.08
-3425.42
-3342.75
-3336.18
-3303.15
-3364.05
-3381.85
-3347.52
-3296
-3314.09
-3333.22
-3255.48
-3213.37
-3217.93
-3277.12
-3281.55
-3316.98
-3302.43
-3304.32
-3257.39
-3245.97
-3308.72
-3430.58
-3484.59
-3387.07
-3410.01
-3316.4
-3264.49
-3260.96
-3181.84
-3151.48
-3203.54
-3288.28
-3375.03
-3227.38
-3275.66
-3323.96
-3252.57
-3261.05
-3305.96
-3166.57
-3275.03
-3283.46
-3301.15
-3245.61
-3142.03
-3145.47
-3214.9
-3152.57
-3180.43
-3244.11
-3171.94
-3241.52
-3148.42
-3028.87
-3064.37
-3099.96
-3148.52
-3135.61
-3138.33
-3117.32
-3117.95
-3123.89
-3148.95
-3170.24
-3125.5
-3125.58
-3143.62
-3085.57
-3124.9
-3059.75
-3086.76
-3114.55
-3098.44
-3102.71
-2969.66
-2879.86
-2893.57
-2967.56
-3029.94
-2967.02
-2894.04
-2882.38
-2869.23
-2914.17
-3012.84
-2969.51
-2970.73
-3049.51
-3008.39
-2997.04
-2960.38
-2878.24
-3009.71
-3027.96
-2906.46
-2859.57
-2857.99
-2802.72
-2746.17
-2785.51
-2765.04
-2761.42
-2800.37
-2802.23
-2853.2
-2810.87
-2815.59
-2795.54
-2834.96
-2996.95
-3006.74
-3055.53
-2970.25
-2997.86
-2948.52
-3052.51
-2966.84
-3015.04
-3098.55
-3113.81
-3125.89
-3113.12
-3123.73
-2977.08
-2923.97
-2951.62
-3014.23
-2963.97
-3046.08
-2937.28
-3005.34
-3168.16
-3097.14
-3055.77
-3080.81
-3105.25
-3258.17
-3294.66
-3149.58
-3163.97
-3108.04
-3138.06
-3029.61
-3122.62
-3092
-3107.32
-3046.47
-2939.35
-2932.41
-2897.3
-2909.41
-2973.25
-2977.3
-2917.12
-2960.88
-2976.79
-3023.63
-3144.49
-3111.3
-3082.6
-2951.13
-2950.13
-2907.54
-2878.16
-2895.74
-2912.1
-2987.68
-3022.84
-3198.66
-3068.97
-3152.35
-2977.05
-3023.56
-3002.97
-2993.14
-2913.31
-2834.16
-2866.88
-2802.43
-2852.76
-2818.79
-2796.78
-2812.35
-2740.97
-2789.56
-2753.39
-2731.85
-2692.53
-2739.81
-2826.6
-2892.7
-2978.03
-3133.18
-3139.53
-3139.02
-3244.79
-3178.63
-3188.66
-3254.56
-3233.62
-3193.54
-3264.52
-3266.69
-3236.87
-3141.49
-3026.47
-3051.47
-3078.6
-3168.07
-3169.63
-3192.19
-3210.28
-3194.36
-3177.53
-3210.94
-3187.43
-3146.19
-3061.31
-3052.59
-2992.25
-3059.85
-2997.17
-3093.21
-3052.29
-3087.66
-3063.27
-3001.91
-2989.76
-3079.07
-2985.76
-2996.32
-2890.76
-2893.84
-2916.03
-2909.08
-2741.57
-2841.59
-2901.69
-2919.77
-2938.43
-2906.55
-2886.95
-2841.94
-2951.7
-2985.52
-2996.67
-2863.94
-2827.63
-2883.22
-2840.23
-2852.85
-2837.48
-2862.63
-2948.71
-2858.07
-2884.82
-2800.29
-2813.72
-2840.43
-2833.51
-2859.55
-2860.23
-2938.89
-2967.13
-2981.27
-2877.4
-2866.5
-2849.92
-2841.48
-2843.03
-2867.27
-2849.92
-2801.63
-2810.87
-2780.89
-2750.46
-2784.57
-2763.02
-2880.57
-2828.55
-2827.93
-2840.82
-2792.48
-2839.87
-2806.65
-2778.52
-2763.56
-2770.92
-2782.76
-2753.93
-2808.81
-2810.22
-2840.24
-2789.79
-2829.86
-2833.02
-2825.47
-2837.65
-2960.15
-2893.39
-2902.3
-2881.41
-2909.77
-2852.14
-2911.67
-2857.85
-2824
-2870.9
-2934.77
-2920.72
-2835.16
-2833.45
-2813.77
-2812.35
-2797.3
-2866.8
-2864.26
-2992.9
-2971.6
-2995.97
-3012.28
-2990.55
-2857.08
-2885.23
-2836.47
-2848.85
-2749.1
-2742.34
-2726.05
-2775.29
-2669.28
-2629.16
-2656.88
-2664.72
-2676.18
-2606.56
-2538.87
-2565.31
-2573.56
-2473.19
-2450.02
-2445.59
-2493.05
-2535.17
-2457.75
-2407.9
-2431.77
-2421.4
-2371.36
-2419.59
-2390.8
-2405.05
-2401.14
-2390.28
-2337.26
-2335.56
-2344.17
-2362.44
-2349.08
-2361.07
-2404.88
-2313.34
-2300.38
-2357.96
-2344.09
-2318.29
-2271.93
-2374.4
-2334.96
-2372.76
-2383.06
-2420.22
-2421.51
-2336.8
-2362.58
-2385.78
-2452.17
-2453.95
-2506.67
-2470.62
-2481.77
-2427.15
-2394.04
-2356.1
-2405.38
-2444.65
-2416.21
-2420.7
-2438.73
-2361.64
-2427.25
-2362.35
-2316.58
-2360.37
-2250.92
-2243.02
-2377.09
-2367.69
-2473.28
-2446.42
-2458.49
-2373.57
-2372.77
-2474.23
-2406.53
-2416.49
-2412.91
-2315.25
-2393.62
-2436.47
-2404.23
-2407.18
-2368.11
-2359.57
-2349.84
-2316.52
-2292.12
-2310.6
-2371.53
-2455.5
-2416.66
-2328.51
-2344.02
-2426.29
-2355.67
-2277.98
-2316.54
-2311.84
-2483.36
-2496.48
-2460.05
-2498.4
-2548.56
-2550.01
-2566.16
-2507.21
-2540.77
-2395.75
-2441.73
-2448.84
-2444.53
-2419.37
-2400.25
-2407.87
-2434.88
-2460.11
-2448.45
-2462.83
-2471.48
-2449.1
-2370.13
-2432.44
-2380.17
-2339.8
-2308.5
-2253.05
-2322.1
-2307.7
-2270.64
-2272.39
-2273.18
-2230.7
-2305.81
-2269.44
-2237.17
-2241.63
-2202.48
-2191.74
-2215.4
-2232.62
-2255.73
-2215.15
-2251.49
-2238.59
-2289.57
-2280.09
-2273.92
-2238.19
-2289.02
-2267.36
-2259.49
-2189.25
-2187.96
-2223.73
-2251.76
-2250.2
-2232.64
-2254.01
-2246.08
-2288.51
-2242.18
-2221.77
-2250.42
-2164
-2104.61
-2160.66
-2190.02
-2075.48
-2181.75
-2295.96
-2314.74
-2184.26
-2205.63
-2259.38
-2212.63
-2085.44
-1994.61
-1928.73
-1991.62
-2020.27
-2043.65
-2060.04
-2061.29
-2121.4
-2023.67
-2013.83
-2111.37
-2100.6
-2087.27
-2097.23
-2132.39
-2146.94
-2046.65
-1981.47
-1964.09
-2004.38
-1986.57
-2000.99
-1946.67
-1893.8
-1959.73
-1861.59
-1808.58
-1829.21
-1813.15
-1802.63
-1840.95
-1912.85
-1933.47
-2040.81
-1992.59
-2000.56
-1940.15
-1962.2
-2024.6
-2168.63
-2169.93
-2108.21
-2065.34
-2014.83
-2043.27
-1956.6
-1990.64
-2048.91
-2038.41
-1932
-1955.35
-1893.83
-1852.75
-1910.89
-2007.12
-2033.76
-2007.12
-1975.65
-2018.77
-2118.89
-2094.23
-2114.94
-2069.09
-2007.73
-1972.31
-1922.84
-1868.95
-1906.89
-1889.39
-1900.29
-1942.02
-1980.74
-1989.5
-1954.56
-1924.04
-1959.31
-1906.08
-1928.98
-1979.12
-2042.97
-2023.73
-1986.63
-2034.72
-2060.34
-2069.38
-2118.67
-2071.33
-2018.95
-2019.86
-1989.8
-1936.38
-2000.55
-2051.62
-2005.3
-2102.28
-2070.72
-1954.26
-1959.71
-1906.95
-1920.74
-1925.65
-1918.67
-1886.61
-1970.99
-1852.25
-1849.64
-1835.03
-1883.01
-1896.9
-2000.64
-1908.74
-1899.21
-1939.56
-1931.89
-1932.77
-1919.97
-1938.88
-1963.78
-1910.66
-1932.4
-1891.69
-1944.12
-1938.42
-1967.26
-1962.85
-1990.7
-1988.71
-2038.53
-2007.29
-2025.93
-2047.63
-2126.13
-2098.06
-2125.19
-2203.13
-2234.79
-2240.6
-2377.61
-2354.13
-2526.08
-2537.95
-2445.18
-2413.55
-2464.44
-2387.7
-2425.32
-2462.82
-2442.34
-2439.62
-2501.94
-2435.81
-2453.83
-2485.49
-2595.73
-2595.62
-2628.73
-2614.21
-2585.15
-2598.76
-2579.91
-2499.46
-2479.59
-2593
-2730.06
-2687.06
-2690.74
-2648.44
-2637.22
-2702.72
-2647.86
-2714.47
-2748.89
-2721.3
-2644.23
-2674.23
-2650.26
-2613.82
-2614.17
-2667.1
-2635.83
-2613.52
-2634.9
-2764.74
-2822.54
-2787.67
-2933.73
-2862.94
-2903.85
-2870.24
-2854.26
-2941.41
-2950.24
-2984.74
-2975.65
-2924.24
-2930.87
-2944.13
-3011.54
-3003.54
-2939.98
-3035.74
-3007.67
-3009.69
-2947.92
-2925.86
-2984.68
-2927.7
-2902.07
-2920.25
-2924.04
-2920.39
-2934.85
-2983.97
-2995.22
-3024.03
-3011.97
-2929.42
-2900.9
-3034.96
-2945.24
-2967.55
-2922.65
-2889.3
-2900.69
-2926.84
-2973
-3065.51
-2982.61
-2964.11
-3002.51
-3011.29
-2980.74
-3056.26
-3004.5
-2955.99
-2885.41
-2802.16
-2772.44
-2801.28
-2934.38
-2959.23
-2969.49
-3023.89
-3046.47
-3088.97
-2991.22
-2920.56
-2944.09
-2890.93
-2889.38
-2848.6
-2695.08
-2666.39
-2626.89
-2757.47
-2790.62
-2744.79
-2882.15
-2813.18
-2770.8
-2705.59
-2714.86
-2698.75
-2658.7
-2678.39
-2681.23
-2657.74
-2702.47
-2690.33
-2694.76
-2676.07
-2588.78
-2556.28
-2574.6
-2526.85
-2531.26
-2527.96
-2436.72
-2440.87
-2406.96
-2450.73
-2475.44
-2480.97
-2579.17
-2499.49
-2448.18
-2584.13
-2528.14
-2503.27
-2516.94
-2515.03
-2414.53
-2471.83
-2494.42
-2540.2
-2612.12
-2559.76
-2566.23
-2551.93
-2472.85
-2456.76
-2516.79
-2576.6
-2576.44
-2594.73
-2636.74
-2556.54
-2578.68
-2562.29
-2555
-2646.09
-2774.82
-2836.77
-2844.59
-2881.67
-2924.55
-2918.75
-2943.07
-2894.94
-2944.46
-2991.88
-3011.27
-2968.13
-2934.92
-2972.22
-3009.97
-2962.4
-2939.33
-2948.29
-2948.56
-2970.63
-2935.29
-2894.11
-2906.24
-2957.16
-2937.85
-3013.92
-3246.85
-3123.34
-3036.89
-3055.08
-3056.42
-2983.86
-3000.18
-2966.4
-3095.14
-3036.84
-2990.65
-3069.8
-3121.45
-3080.4
-3041.23
-3014.11
-3054.57
-3170.75
-3223.92
-3247.41
-3289.96
-3288.57
-3270.97
-3337.79
-3419.16
-3441.06
-3458.78
-3487.93
-3443.08
-3459.38
-3435.72
-3490.84
-3597.57
-3515.64
-3646.8
-3662.9
-3651.69
-3653.54
-3612.13
-3664.37
-3680.92
-3697.14
-3751.66
-3762.24
-3794.59
-3877.18
-3889.22
-3956
-3903.47
-4027.42
-4050
-4023.44
-4087.26
-4155.24
-4085.12
-4025.87
-4032.7
-4098.19
-4050.15
-4072.94
-4093.24
-4010.35
-4029.58
-3992.96
-3940
-3863.65
-3829.24
-3881.24
-3901.67
-3802.12
-3708.62
-3865.63
-3822.44
-3799.21
-3771.53
-3855.62
-3839.64
-3775.66
-3768.58
-3765.35
-3804.18
-3792.99
-3769.87
-3612.4
-3561.94
-3480.02
-3394.07
-3468.33
-3420.5
-3490.92
-3514.24
-3466.85
-3486.47
-3568
-3541.72
-3464.39
-3337.97
-3405.74
-3492.9
-3439.36
-3304.77
-3384.93
-3418.91
-3366.1
-3369.33
-3346.04
-3413.14
-3428.03
-3410.19
-3479.48
-3514.46
-3649.92
-3637
-3650.5
-3654.27
-3432.49
-3478.18
-3475.12
-3472.29
-3426.47
-3407.81
-3444.23
-3384.61
-3367.33
-3350.15
-3331.37
-3463.24
-3442.86
-3382.38
-3381.94
-3387.16
-3458.15
-3528.8
-3518.57
-3530.53
-3360.12
-3464.16
-3470.05
-3524.43
-3504.51
-3402.28
-3532.56
-3470.31
-3584.12
-3621.19
-3646.62
-3595.91
-3593.56
-3569.6
-3566.99
-3648.76
-3602.4
-3562.73
-3555.93
-3453.12
-3462.96
-3493.37
-3464.67
-3519.91
-3520.76
-3517.64
-3560.39
-3695.26
-3718.91
-3674.03
-3727.73
-3660.72
-3593.84
-3473.95
-3484.47
-3344.11
-3508.41
-3508.96
-3372.54
-3405.34
-3446.04
-3454.91
-3537.55
-3588.08
-3499.91
-3486.76
-3389.63
-3454.81
-3481.11
-3534.2
-3562.29
-3484.18
-3502.01
-3539.49
-3570.59
-3614.48
-3724.99
-3681.03
-3694.45
-3781.92
-3644.33
-3614.53
-3661.65
-3642.14
-3568.17
-3474.97
-3489.25
-3481.23
-3461.95
-3469.13
-3551.83
-3565.58
-3553.86
-3505.87
-3381.57
-3332.41
-3353.09
-3390.07
-3418.82
-3315.71
-3337.87
-3364.72
-3402.38
-3328.81
-3364.56
-3330.77
-3269.83
-3301.96
-3321.57
-3268.38
-3205.64
-3134.35
-3096.19
-3076.95
-3164.58
-3184.14
-3151.76
-3100.95
-2937.66
-2856.33
-2966.4
-2954.47
-2840.99
-2833.34
-2738.5
-2718.95
-2759.19
-2855.55
-2721.73
-2662.66
-2722.27
-2733.73
-2779.96
-2846.22
-2864.51
-2757.66
-2755.44
-2714.34
-2741.11
-2746.51
-2736.35
-2789.74
-2748.52
-2736.09
-2656.79
-2668.55
-2649.12
-2688.18
-2672.97
-2542.67
-2565
-2599.7
-2644.21
-2639.58
-2723.84
-2665.37
-2674.07
-2653.87
-2635.5
-2593.02
-2714.74
-2773.43
-2806.9
-2813.76
-2786.8
-2699.69
-2680.12
-2611.04
-2736.32
-2689.85
-2744.14
-2713.42
-2700.94
-2789.48
-2782.69
-2770.72
-2720.87
-2725.25
-2697.86
-2684.14
-2746.53
-2803.84
-2891.83
-2998.61
-3034
-3109.29
-3123.81
-3135.69
-3321.96
-3237.7
-3359.98
-3316.68
-3252.99
-3268.4
-3278.35
-3299.24
-3361.68
-3279.25
-3321.81
-3263.14
-3303.82
-3283.8
-3261.23
-3266.17
-3365.81
-3383.87
-3348.78
-3330.85
-3437.51
-3404.32
-3339.96
-3371.33
-3349.08
-3436.53
-3441.07
-3433.54
-3445.28
-3337.59
-3426.66
-3437.08
-3443.9
-3451.68
-3444.74
-3426.55
-3436.28
-3341.79
-3356.08
-3348.62
-3436.93
-3444.25
-3464.37
-3430.33
-3470.25
-3535.67
-3591.48
-3646.03
-3707.3
-3603.3
-3622.18
-3606.21
-3716.08
-3753.79
-3615.64
-3601.48
-3722.49
-3626.67
-3513.52
-3507.77
-3453.97
-3464.54
-3581.3
-3553.31
-3521.32
-3519.36
-3472.61
-3537.15
-3560.29
-3540.18
-3500.5
-3446.15
-3415.12
-3435.2
-3478.59
-3516.64
-3602.48
-3667.84
-3717.78
-3628.12
-3737.23
-3755.9
-3600.72
-3778.33
-3775.89
-3795.55
-3776.64
-3769.8
-3711.68
-3811.9
-3884.38
-3918.58
-4013.44
-4128.63
-4128.71
-4124.01
-4140.44
-4144.63
-4150.25
-4131.22
-4150.16
-4114.26
-4140.96
-4039.23
-4044.67
-3975.37
-3984.03
-3882.53
-4004.68
-3934.23
-3858.36
-3905.26
-3889.42
-3848.17
-3900.38
-3898.95
-3878.02
-3833.05
-3803.35
-3686.99
-3733.43
-3614.37
-3608.67
-3749.23
-3771.35
-3715.15
-3813.52
-3810.92
-3841.69
-3710.2
-3730.11
-3703.62
-3674.4
-3696.93
-3801.17
-3858.2
-3811.76
-3881.6
-3670.28
-3636.14
-3697.19
-3657.58
-3635.49
-3553.21
-3735.79
-3735.67
-3829.7
-3827.12
-3872.62
-3907.61
-3947.29
-3843.28
-3815.03
-3876.7
-3979.49
-4021.95
-4052.29
-4056.97
-4110.99
-4037.56
-4108.04
-4089.12
-3985.94
-4003.1
-3982.64
-4004.35
-3919.58
-3902.21
-4022.28
-4159.89
-4045.37
-4083.49
-4050.27
-4032.07
-4006.45
-4031.07
-3919.13
-3916.32
-3901.59
-4022.67
-4038.95
-3929.87
-3963.9
-3986.31
-4071.18
-4074.01
-4058
-3920.96
-3907.32
-3833.41
-3827.52
-3853.6
-3822.29
-3822.52
-3869.85
-3990.09
-4091.38
-4006.35
-4050.4
-4073.29
-4072.48
-3980.94
-3853.29
-3929.36
-4005.65
-4012.29
-4009.96
-4069.63
-4119.33
-4094.68
-4020.71
-3960.79
-3974.9
-3945.19
-4038.45
-4031.79
-4090.2
-4239.68
-4308.21
-4242.61
-4148.97
-4152.67
-4131.78
-4098.55
-4162.58
-4298.15
-4189.48
-4178.28
-4180.36
-4207.3
-4102.03
-4124.81
-4240.62
-4085.69
-4026.8
-3963.03
-4152.44
-4141.3
-4121.37
-4130.16
-4077.88
-4163.96
-4159.2
-4196.56
-4198.18
-4083.33
-3951.65
-3909.23
-3912.56
-3948.57
-3902.09
-3878.63
-3869.5
-3935.17
-3742.07
-3742
-3817.13
-3805.31
-3822.03
-3695.89
-3672.06
-3633.15
-3648.65
-3702.56
-3616.71
-3606.99
-3618.72
-3569.65
-3523.55
-3482.96
-3481.24
-3510.41
-3599.76
-3651.7
-3734.41
-3726.95
-3720.6
-3528.73
-3506.68
-3446.34
-3365.84
-3386.4
-3264.38
-3156.73
-3208
-3350.78
-3419.45
-3455.88
-3369.76
-3359.58
-3343.29
-3325.36
-3291.18
-3338.29
-3289.41
-3324.06
-3346.06
-3383.23
-3438.62
-3285.22
-3306.8
-3375.72
-3367.28
-3238.5
-3214.64
-3171.32
-3037.22
-2980.76
-2956.94
-2965.33
-3012.56
-2893.57
-2951.26
-2963.37
-2974.26
-2930.39
-3025.82
-3018.21
-2974.17
-2953.79
-3032.16
-3108.23
-3183.73
-3126.22
-3061.07
-3125.2
-3040.09
-3062.52
-3103.24
-3143.44
-3178.46
-3228.52
-3291.62
-3274.26
-3315.22
-3282.25
-3220.91
-3182.2
-3191.03
-3109.1
-3114.72
-3161.57
-3246.84
-3189.24
-3224.74
-3127.13
-3096.94
-3199.73
-3282.04
-3177.04
-3234.91
-3282.27
-3251.41
-3269.59
-3163.74
-3221.88
-3226.07
-3224.63
-3199.74
-3182.43
-3245.02
-3376.79
-3257.69
-3312.6
-3347.15
-3230.57
-3217.63
-3158.95
-3164.48
-3228.1
-3203.78
-3240.17
-3357.86
-3430.51
-3434.06
-3466.13
-3531.63
-3571.29
-3550.82
-3486.04
-3466.99
-3496.41
-3349.89
-3477.06
-3392.65
-3396.47
-3349.22
-3393.17
-3488.27
-3364.43
-3247.77
-3470.49
-3490.82
-3461.42
-3392.52
-3241.98
-3195.82
-3209.66
-3241.42
-3223.95
-3200.17
-3191.51
-3173.76
-3220.23
-3079.09
-2965.05
-2960.48
-2944.16
-2928.97
-2931.38
-2851.3
-2849.01
-2805.88
-2757.81
-2742.59
-2772.58
-2846.92
-2861.36
-2856.5
-2863.26
-2873.17
-2844.16
-2785.88
-2819.83
-2879.23
-2891.96
-2825.32
-2858.07
-2861.58
-2840.32
-2886.82
-2859.81
-2759.78
-2835.74
-2777.81
-2789.69
-2838.59
-2850.93
-2864.26
-2828.11
-2894.78
-2926.17
-2856.28
-2893.85
-2872.89
-2888.74
-2931.79
-2917.56
-2934.2
-2874.04
-3003.75
-3013.14
-3043.61
-3005.64
-3012.95
-3131.47
-3052.65
-3053.06
-3090.96
-3196.55
-3281.25
-3169.45
-3121.74
-3067.87
-3138.39
-3062.28
-3035.98
-3136.35
-3074.6
-2999.35
-2945.77
-2929.73
-3045.23
-3013.34
-3051.71
-3088.03
-3197.55
-3174.24
-3098.66
-3072.59
-3012.85
-2975.22
-2939.19
-3025.17
-3039.45
-3120.61
-3110.62
-3193.27
-3119.78
-3103.02
-3261.41
-3247.42
-3172.46
-3167.6
-3221.24
-3205.01
-3170.92
-3257.02
-3185.91
-3197.82
-3286.19
-3129.83
-3167.87
-3093.97
-3113.84
-3090
-3097.63
-3046.89
-3073.91
-3087.01
-3086.81
-3172.09
-3184.59
-3151.9
-3259.77
-3259.35
-3198.86
-3375.67
-3331.87
-3188.38
-3111.1
-3111.78
-3212.35
-3119.6
-3055.7
-3137.41
-3019.78
-3087.35
-3036.84
-3096.25
-2957.26
-2984.28
-2970.21
-2976.56
-2917.55
-2979.31
-3029.04
-2868.73
-2847.93
-2896.45
-2806.5
-2794.02
-2923.52
-2935.64
-3018.54
-3035.6
-3082.83
-3040.51
-2995.67
-3090.58
-3021.28
-2968.28
-2985.16
-3038.83
-3046.48
-3129.04
-3128.84
-3206.78
-3118.03
-2992.99
-2952.04
-2971.64
-2965.36
-2902.44
-2948.26
-2910.69
-2832.54
-2705.34
-2814.4
-2765.59
-2795.38
-2732.08
-2557.1
-2554.9
-2541.05
-2480.65
-2445.08
-2487.83
-2538.2
-2505.44
-2534.18
-2504.6
-2440.98
-2430.66
-2440.7
-2342.63
-2315.77
-2318.75
-2310.98
-2339.27
-2308.39
-2345.43
-2339.54
-2349.17
-2332.42
-2257.95
-2333.36
-2314.58
-2352.4
-2324.11
-2293.88
-2295.12
-2322.99
-2329.18
-2323.85
-2356.26
-2396.18
-2451.28
-2374.3
-2287.45
-2321.68
-2362.73
-2402.32
-2306.69
-2335.45
-2321.81
-2223.41
-2249.12
-2178.34
-2093.74
-2140.35
-2165.61
-2167.06
-2118.58
-2159.95
-2202.14
-2222.44
-2242.3
-2194.09
-2256.26
-2291.2
-2227.89
-2200.63
-2189.39
-2156.95
-2209.44
-2336.46
-2370.11
-2390.92
-2378.27
-2388.03
-2383.11
-2362.46
-2299.77
-2259.41
-2261.21
-2257.79
-2222.51
-2255.35
-2217.84
-2295.74
-2254.16
-2193.63
-2219.95
-2363.63
-2312.98
-2278.28
-2254.69
-2226.9
-2203.73
-2200.51
-2173.53
-2131.88
-2161.63
-2232.03
-2266.59
-2335.76
-2358.09
-2338.49
-2238.79
-2297.62
-2276.56
-2286.74
-2252.09
-2319.78
-2229.19
-2390.68
-2359.68
-2291.22
-2395.23
-2370.61
-2351.99
-2247.78
-2324.38
-2328.25
-2280.43
-2313.64
-2370.36
-2260.48
-2343.55
-2375.95
-2283.77
-2281.7
-2258.85
-2301.94
-2257.19
-2224
-2271.26
-2245
-2338.44
-2365.66
-2412.57
-2387.62
-2377.89
-2424.94
-2444.07
-2414.19
-2437.85
-2433.11
-2530.61
-2484.3
-2518.95
-2455.21
-2502.03
-2533.43
-2594.03
-2474.7
-2499.74
-2493.44
-2417.07
-2516.49
-2511.04
-2431.39
-2464.12
-2497.83
-2501.65
-2444.82
-2459.69
-2401.73
-2323.3
-2317.84
-2305.11
-2347.36
-2295.61
-2333.64
-2302.69
-2190.27
-2209.71
-2300.95
-2264
-2306
-2293.47
-2217.9
-2264.66
-2286.94
-2239.77
-2144.57
-2145.69
-2234.78
-2220.72
-2338.77
-2287.31
-2225.28
-2191.27
-2209.03
-2221.29
-2144.57
-2181.17
-2254.46
-2143.48
-2139.42
-2121.76
-2136.02
-2177.5
-2232.91
-2265.15
-2319.27
-2336.7
-2389.7
-2359.41
-2372.72
-2411.83
-2380.53
-2380.97
-2461.5
-2411.54
-2416.93
-2339.81
-2227.1
-2211.73
-2247.64
-2253.63
-2262.48
-2154.78
-2252.21
-2274.35
-2285.98
-2347.41
-2377.1
-2384.74
-2387.77
-2365.49
-2389.89
-2347.76
-2265.87
-2293.33
-2268.98
-2229.06
-2196.4
-2193.82
-2158.57
-2161.55
-2101.84
-2040.65
-2038.91
-2097.11
-2068.62
-2078.3
-2118.74
-2141.34
-2101.97
-2101.45
-2090.7
-2114.4
-2138.77
-2103.49
-2130.35
-2099.93
-2106.19
-2131.46
-2107.08
-2161.12
-2119.81
-2102.17
-2115.84
-2139.95
-2151.33
-2118.19
-2037.85
-1948.83
-2003.7
-2089.49
-2178.17
-2084.07
-2069.66
-2046.33
-2015.5
-2064.78
-2041.3
-2062.2
-1962.48
-1990.11
-1992.34
-1964
-1947.18
-1899.08
-1994.21
-1988.04
-1971.11
-2007.62
-2034.66
-2039.28
-1967.78
-1964.04
-1944.78
-1928.51
-1839.77
-1839.06
-1829.3
-1844.87
-1817.51
-1918.07
-2000.13
-2027.59
-2063.18
-2069.84
-2028.97
-2067.66
-2035.11
-2078.47
-2095.88
-2167.6
-2155.4
-2101.17
-2056.76
-2096.49
-2059.59
-2073.05
-2047.88
-2184.06
-2148.51
-2147.22
-2207.42
-2280.37
-2254.87
-2128.22
-2144.15
-2174.31
-2199.38
-2174.17
-2119.91
-2096.95
-2163.59
-2057.61
-2071.13
-2017.52
-1990.18
-2040.52
-2000.13
-1942.53
-1948.34
-1971.66
-2021.59
-2129.97
-2069.57
-2017.18
-2016.31
-2055.66
-2029.28
-2033.96
-2101.34
-1955.01
-2013.89
-2096.23
-2036.07
-2064.58
-1996.97
-2043.89
-2007.74
-2014.16
-2035.99
-2007.12
-1986.97
-1999.64
-2057.93
-1974.83
-2106.82
-2135.29
-2147.13
-2112.33
-2172.57
-2178.19
-2170.96
-2063.25
-2169.58
-2233.02
-2275.6
-2263.8
-2305.87
-2322.44
-2294.69
-2346.54
-2248.12
-2305.85
-2303.37
-2282.65
-2248.97
-2259.8
-2313.77
-2274.62
-2320.54
-2334.63
-2302.94
-2361.48
-2315.82
-2326.32
-2320.84
-2256.04
-2277.41
-2235.21
-2231.32
-2252.25
-2302.15
-2317.97
-2273.29
-2173.81
-2166.73
-2178.46
-2272.54
-2233.48
-2169.9
-2184.01
-2243.98
-2278.06
-2407.59
-2439.4
-2492.83
-2425.95
-2311
-2331.83
-2298.92
-2286.48
-2316.52
-2243.06
-2190.27
-2220.22
-2232.73
-2251.98
-2174.25
-2166.17
-2142.21
-2159.81
-2094.93
-2057.25
-2053.67
-1997.73
-2000.04
-1943.69
-1974.51
-2039.82
-2022.71
-2053.68
-2096.47
-2100.33
-2202.83
-2227.63
-2156.31
-2180.26
-2115.11
-2162.31
-2110.99
-2133.67
-2005.41
-2062.67
-2004.41
-2043.8
-2055.67
-2069.38
-2117.82
-2169.6
-2216.87
-2237.71
-2246.66
-2241.11
-2171.01
-2160.89
-2240.56
-2285.23
-2278.35
-2238.43
-2204.65
-2220.29
-2248.26
-2234.3
-2283.29
-2277.19
-2291.2
-2282.04
-2291.59
-2293.75
-2345.97
-2466.83
-2520.23
-2550.14
-2561.56
-2623.26
-2551.3
-2537.61
-2596.86
-2586.65
-2613.94
-2559.32
-2541.26
-2591.02
-2592.41
-2514.34
-2600.69
-2578.85
-2548.4
-2509.63
-2543.88
-2620.18
-2648.3
-2670.94
-2672.33
-2677.26
-2639.28
-2585.24
-2545.71
-2522.18
-2386.82
-2332.31
-2395.14
-2470.1
-2481.03
-2516.91
-2613.09
-2734.65
-2643.03
-2591.29
-2561.93
-2613.44
-2621.23
-2683.39
-2601.8
-2580.58
-2591.1
-2622.95
-2575.96
-2589.79
-2577.68
-2541.67
-2639.23
-2608.14
-2458.96
-2580.5
-2506.15
-2549.07
-2599.26
-2606.61
-2568.45
-2531.53
-2471.42
-2474.44
-2504.55
-2485.13
-2482.7
-2452.74
-2466.44
-2497.53
-2460.37
-2408.03
-2448.67
-2458.87
-2554.32
-2551.11
-2553.19
-2641.15
-2577.87
-2566.89
-2607.75
-2535.72
-2547.15
-2572.26
-2689.93
-2653.48
-2635.49
-2726.34
-2680.46
-2695.54
-2703.34
-2615.65
-2624.58
-2643.28
-2629.61
-2672.32
-2552.17
-2593.31
-2665.42
-2684.53
-2734.11
-2625.13
-2582.6
-2572.06
-2579.78
-2616.45
-2552.26
-2527.62
-2574.89
-2503.15
-2503.2
-2532.33
-2545.84
-2504.29
-2506.6
-2583.93
-2551.75
-2609.33
-2638.64
-2648.33
-2696.02
-2692.69
-2581.49
-2591.84
-2530.54
-2567.62
-2546.09
-2604.22
-2547.23
-2508.21
-2584.15
-2533.42
-2512.93
-2496.48
-2550.26
-2588.89
-2655.47
-2512.81
-2617.05
-2602.25
-2581.97
-2646.92
-2686.28
-2580.69
-2563.3
-2585.17
-2501.91
-2482.32
-2545.04
-2572.18
-2494.68
-2504.45
-2642.64
-2554.97
-2488.83
-2569.88
-2535.41
-2434.08
-2492.27
-2487.79
-2433.71
-2410.28
-2366.42
-2375.7
-2327.34
-2267.29
-2263.76
-2259.8
-2336.15
-2259.64
-2244.29
-2205.56
-2197.65
-2241.27
-2265.29
-2186.05
-2212.09
-2162.34
-2139.22
-2150.02
-2140.52
-2156.04
-2216.05
-2231.72
-2241.15
-2328.47
-2445.08
-2394.49
-2483.75
-2451.9
-2451.04
-2385.57
-2502.73
-2448.05
-2428.33
-2546.93
-2558.36
-2525.31
-2512.68
-2514.5
-2489.59
-2481.3
-2467.2
-2541.54
-2496.32
-2513.63
-2610.38
-2621.62
-2599.56
-2529.75
-2584.08
-2591
-2607.5
-2674.44
-2681.9
-2641.08
-2602.41
-2511.56
-2535.51
-2552.94
-2466.72
-2434.22
-2369.38
-2339.89
-2377.83
-2290.51
-2278.93
-2219.65
-2220.07
-2314.02
-2260.59
-2248.1
-2252.52
-2218.2
-2222.1
-2189.53
-2237.96
-2308.26
-2320.34
-2393
-2371.82
-2346.52
-2357.58
-2351.22
-2373.51
-2347.91
-2372.03
-2328.68
-2353.5
-2463.93
-2469.08
-2564.56
-2589.27
-2608.41
-2500.76
-2423.28
-2434.64
-2448.23
-2494.43
-2445.79
-2525.25
-2524.2
-2512.99
-2480.22
-2488.61
-2453.38
-2389.57
-2348.75
-2342.15
-2367.6
-2424.27
-2403.98
-2419.97
-2384.87
-2392.13
-2483.44
-2489.57
-2516.2
-2508.13
-2703.79
-2770.11
-2797.87
-2777.13
-2851.85
-2915.72
-2879.86
-2891.95
-2965.86
-3030.97
-3140.94
-3230.1
-3282.19
-3136.8
-3205.76
-3248.33
-3102.48
-3048.65
-3188.88
-3168.47
-3099.79
-2999.28
-3083.85
-3061.77
-3034.61
-3154.41
-3183.72
-3151.56
-3171.74
-3115.27
-3031.5
-3101.09
-3235.78
-3380.79
-3411.77
-3475.07
-3435.87
-3459.16
-3455.44
-3447.22
-3416.59
-3436.54
-3379.06
-3342.89
-3344.67
-3364.39
-3393.57
-3420.14
-3370.94
-3426.42
-3468.54
-3489.33
-3423.69
-3458.22
-3530.9
-3599.54
-3656.75
-3556.34
-3414.2
-3369.01
-3366.83
-3433.84
-3308.31
-3320.61
-3310.76
-3343.13
-3246.17
-3241.23
-3137.37
-3255.63
-3192.75
-3261.16
-3291.69
-3211.29
-3142.62
-3144.86
-3111.02
-3179.1
-3059.47
-3160.64
-3051.45
-2979.27
-2997.53
-2851.31
-2758.65
-2844.09
-2832.19
-2819.13
-2872.47
-2887.08
-2912.16
-2882.83
-2915.86
-2884.94
-2869.13
-2874.22
-2748.59
-2783.15
-2803.62
-2854.89
-2751.66
-2749.76
-2737.69
-2828.86
-2718.82
-2670.02
-2766.95
-2732.01
-2647.82
-2596.3
-2641.12
-2676.45
-2623.46
-2665.48
-2649.56
-2627.56
-2614.92
-2563.54
-2552.89
-2476.93
-2454.26
-2419.51
-2322.6
-2343.08
-2363.56
-2360.08
-2387.59
-2365.46
-2358.7
-2295.71
-2388.26
-2459.98
-2393.21
-2476.93
-2575.18
-2538.27
-2483.67
-2462.4
-2493.46
-2532.21
-2509.77
-2456.99
-2551.07
-2505.21
-2627.52
-2624.04
-2590.29
-2482.77
-2501.98
-2516.44
-2567.17
-2548.5
-2641.29
-2551.03
-2604.37
-2570.46
-2488.09
-2604.95
-2628.04
-2650.58
-2592.54
-2589.31
-2490.89
-2489.05
-2538.39
-2606.85
-2628.27
-2658.95
-2682.23
-2690.16
-2796.84
-2768.22
-2826.76
-2823.39
-2896
-2744.42
-2737.99
-2714.22
-2746.4
-2801.78
-2706.6
-2679.11
-2588.98
-2675.35
-2696.63
-2674.25
-2779.29
-2685.7
-2652.95
-2624.77
-2723.58
-2722.11
-2750.6
-2732.47
-2736.97
-2741.16
-2811.62
-2879.22
-2843.67
-2814.34
-2901.69
-2894.66
-2807.21
-2832.37
-2813.7
-2735.65
-2718.92
-2786.74
-2840.9
-2714.98
-2665.11
-2694.33
-2590.47
-2569.68
-2509.82
-2527.32
-2459.42
-2449.22
-2499.55
-2582.71
-2654.25
-2661.87
-2589.92
-2608.37
-2591.25
-2628.54
-2705.69
-2800.23
-2881.43
-2863.04
-2963.54
-2892.66
-2883.15
-2913.04
-2971.27
-2964.21
-3129.23
-3063.24
-3112.68
-3216.65
-3199.04
-3105.14
-3072.23
-3141.53
-3107.68
-3111.73
-3066.06
-2977.57
-2984.58
-3038.01
-3008.78
-2979.8
-3105.39
-3031.44
-3043.83
-3034.02
-3123.12
-3131.98
-3026.36
-3045.09
-3045.45
-3002.31
-3064.85
-3092.24
-3119.01
-3129.97
-3103.66
-3075.33
-3134.26
-3289.75
-3342.56
-3392.36
-3402.92
-3452.6
-3319.07
-3374.3
-3367.56
-3462.75
-3452.96
-3436.74
-3323.04
-3350.2
-3392.79
-3516.02
-3428.63
-3522.18
-3680.48
-3810.02
-3806.28
-3646.61
-3653.42
-3632.56
-3684.51
-3587.27
-3523.68
-3501.38
-3510.79
-3472.46
-3618.31
-3745.33
-3765.87
-3818.57
-3800.23
-3868.06
-3856.04
-3766.6
-3724.19
-3687.63
-3726.82
-3770.91
-3720.63
-3634.27
-3698.83
-3696.18
-3722.76
-3720.61
-3694.61
-3679.39
-3637.86
-3664.49
-3848.72
-3798.03
-3800.96
-3774.87
-3632.92
-3719.11
-3618.77
-3766.21
-3876.38
-3759.73
-3705.02
-3645.98
-3651.59
-3643.27
-3624.74
-3699.15
-3652.95
-3610.79
-3643.65
-3524.95
-3570.94
-3704.56
-3691.64
-3610.63
-3439.28
-3536.55
-3463.55
-3503.53
-3388.15
-3565.26
-3580.85
-3609.86
-3612.56
-3602.57
-3520.55
-3549
-3500.71
-3452.46
-3503.61
-3612
-3628.64
-3571.92
-3535.93
-3678.14
-3727.34
-3747.22
-3665.81
-3708.83
-3738.29
-3751.48
-3682.15
-3663.05
-3716.54
-3838.88
-3924.7
-3865.46
-3886.65
-3903.61
-3847.5
-3833.08
-3784.43
-3801.37
-3741.33
-3712.8
-3546.35
-3444.36
-3501.36
-3509.49
-3521.63
-3508.47
-3584.85
-3598.6
-3464.88
-3518.42
-3480.48
-3523.67
-3489.15
-3395.55
-3510.05
-3505.29
-3630.26
-3522.85
-3514.51
-3428.26
-3430.77
-3461.64
-3530.5
-3375.61
-3482.13
-3413.89
-3382.05
-3438.53
-3449.05
-3484.31
-3485.49
-3483.96
-3394.55
-3375.85
-3359.78
-3429.07
-3410.79
-3460.09
-3422.23
-3419.51
-3388.27
-3451.32
-3479.63
-3514.44
-3412.24
-3366.16
-3303.78
-3200.37
-3173.48
-3182.38
-3152.57
-3119.27
-3183.88
-3209.09
-3286.55
-3331.41
-3333.57
-3448.86
-3392.46
-3425.77
-3419.68
-3291.37
-3345.9
-3460.97
-3467.7
-3508.08
-3501.4
-3446.24
-3451.46
-3428.24
-3404.77
-3405.91
-3453.46
-3513.29
-3478.03
-3363.83
-3435.55
-3422.77
-3321.33
-3335
-3263.2
-3349.34
-3374.07
-3411.46
-3421.99
-3355.13
-3424.87
-3481.83
-3499.01
-3427.19
-3307.34
-3335.89
-3308.02
-3221.68
-3160.62
-3223.99
-3268.32
-3335.45
-3292.01
-3290.85
-3221.91
-3101.53
-3153.79
-3180.76
-3205.1
-3083.07
-3117.68
-3036.06
-3101.67
-3054.84
-3110.18
-3081.27
-3044.05
-3073.38
-3040.01
-3065.24
-2991.29
-3008.51
-3006.65
-2951.95
-2997.89
-3047.73
-3064.75
-3056.45
-3125.19
-3095.34
-3106.05
-3132.27
-3074.67
-2994.18
-3065.22
-2991.48
-2925.87
-3016.73
-2925.24
-3001.1
-3047.54
-3082.03
-3114.58
-3196.14
-3189.2
-3192.1
-3095.05
-3049.02
-3136.35
-3241.04
-3259.28
-3228.66
-3238.17
-3185.9
-3158.61
-3126.24
-3146.39
-3104.47
-3092.61
-3101.78
-2993.99
-3078.08
-3061.91
-3201.03
-3153.99
-3088.43
-3066.45
-3210.08
-3195.58
-3290.35
-3391.95
-3372.35
-3254.56
-3310.79
-3430.61
-3454.49
-3416.99
-3405.17
-3393.48
-3484.58
-3451.9
-3492
-3527.31
-3444.45
-3462.19
-3645.92
-3819.77
-3747.26
-3745.09
-3638.1
-3595.11
-3682.6
-3727.32
-3795.2
-3759.46
-3567.11
-3528.31
-3470.03
-3398.73
-3417.77
-3447.18
-3553.29
-3485.2
-3363.72
-3525.27
-3383.98
-3515.09
-3508.81
-3424.2
-3362.52
-3343.61
-3426.45
-3447.41
-3421.32
-3344.57
-3426.76
-3350.52
-3407.79
-3469.83
-3440.27
-3470.59
-3571.79
-3585.36
-3714.03
-3642.27
-3579.7
-3579.22
-3674.21
-3537.96
-3599.16
-3469.59
-3460.1
-3475.94
-3401.99
-3353.54
-3324.63
-3443.3
-3437.72
-3479.45
-3502.97
-3429.75
-3410.77
-3577.86
-3569.44
-3488.91
-3505.57
-3429.1
-3409.84
-3427.11
-3485.39
-3348.24
-3327.62
-3235.22
-3209.19
-3215.61
-3256.63
-3218.66
-3315.62
-3361.12
-3470.37
-3241.82
-3091.61
-3190.8
-3202.64
-3288.26
-3231.26
-3319.68
-3255.59
-3274.28
-3157.26
-3116.83
-3116.41
-3077.3
-3070.93
-3151.96
-3118.16
-3190.47
-3249.28
-3198.6
-3289.18
-3333.83
-3453.41
-3330.88
-3303.58
-3244.53
-3376.65
-3332.37
-3311.71
-3283.56
-3301.61
-3312.45
-3280.54
-3318.93
-3385.31
-3361.93
-3181.19
-3244.25
-3297.38
-3253.46
-3166.13
-3168.19
-3276.92
-3271.93
-3194.08
-3121.75
-3181.24
-3175.47
-3147.39
-3226.73
-3303.71
-3178.67
-3064.19
-3093.11
-3091.93
-3126.65
-3206.69
-3128.78
-3209.05
-3151.41
-3231.98
-3137.77
-3193.22
-3253.08
-3125.47
-3218.88
-3187.44
-3239.63
-3241.89
-3205.24
-3088.58
-3109.8
-3164.78
-3206.78
-3139.09
-3125.89
-3239.31
-3379.41
-3408.4
-3466.04
-3423.51
-3410.35
-3489
-3440.91
-3467.98
-3451.35
-3620.16
-3584.47
-3592.3
-3680.71
-3657.26
-3708.63
-3715.13
-3663.63
-3606.72
-3814.15
-3894.48
-3882.77
-3882.11
-3892.53
-3921.86
-3992.61
-4044.15
-4064.53
-3946.33
-3905.08
-3898.37
-3925.56
-4008.45
-3838.32
-3958.41
-3902.06
-3897
-3813.14
-3881.69
-4011.01
-3911.96
-3880.8
-3933.6
-3977.75
-3842.25
-3899.14
-3937
-3965.1
-4019.11
-3957.68
-4067.91
-4092.41
-4028.64
-3889.3
-3906.27
-3786.33
-3957.69
-3928.04
-3955.94
-3950.99
-3983.91
-4136.49
-4213.9
-4195.08
-4204.96
-4156.23
-4215.93
-4292.48
-4310.07
-4295.51
-4433.86
-4627.38
-4648.07
-4571.66
-4562.26
-4778.38
-4759.93
-4668.02
-4726.02
-4681.06
-4646.21
-4712.84
-4749.38
-4827.34
-4717.76
-4783.78
-4672.86
-4574.32
-4565.71
-4618
-4651.05
-4618.34
-4485.11
-4582.2
-4607.58
-4600.94
-4432.59
-4532.54
-4613.87
-4498.29
-4519.32
-4563.67
-4403.8
-4416.55
-4418.65
-4429.97
-4509.57
-4448.04
-4516.26
-4424.81
-4333.84
-4425.29
-4468.33
-4440.04
-4498.91
-4553.98
-4602.35
-4686.89
-4712.03
-4700.26
-4683.58
-4701.03
-4697.76
-4698.15
-4736.03
-4802.67
-4785.31
-4839.95
-4830.47
-4863.03
-4908.24
-4878.87
-4854.82
-4819.76
-4720.04
-4538.63
-4545.5
-4647.24
-4682.33
-4758.41
-4841.49
-4757.21
-4759.66
-4760.92
-4729.86
-4685.43
-4774.79
-4788.04
-4714.25
-4737.48
-4731.04
-4694.04
-4815.33
-4740.49
-4630.42
-4694.66
-4623.15
-4656.68
-4724.53
-4809.23
-4726.1
-4682.19
-4793.96
-4681.59
-4595.43
-4527.63
-4591.73
-4461.26
-4451.7
-4504.19
-4450.41
-4482.66
-4512.7
-4462.33
-4508.09
-4464.64
-4532.46
-4415.7
-4422.87
-4508.7
-4650.91
-4651.65
-4584.77
-4760.86
-4631.95
-4528.71
-4552.07
-4565.39
-4704.91
-4736.73
-4561.23
-4570.14
-4698.76
-4605.34
-4582.41
-4569
-4623.12
-4675.84
-4483.74
-4434.67
-4480.26
-4488.69
-4607.59
-4537.72
-4560.91
-4566.01
-4561.35
-4523.75
-4404.83
-4466.05
-4391.81
-4452.08
-4547.15
-4523.27
-4466.08
-4378.53
-4450.75
-4546.32
-4506.64
-4558.06
-4525.29
-4467.15
-4563.12
-4481.05
-4472.89
-4475.25
-4582.8
-4577.37
-4535.94
-4583.26
-4632.21
-4539.24
-4487.1
-4392.81
-4476.69
-4558
-4519.93
-4449.59
-4471.17
-4490.84
-4523.47
-4492.11
-4595.57
-4571.98
-4610.89
-4675.18
-4615.43
-4566.55
-4526.44
-4495.2
-4633.05
-4705.46
-4903
-5050.58
-5103.81
-5023.91
-5135
-5150.31
-5127.63
-5174.02
-5054.49
-5162.98
-5179.44
-5187.97
-5195.23
-5275.7
-5124.02
-5092.69
-5172.39
-5247.15
-5246.49
-5335.61
-5314.92
-5123.62
-5102.68
-5067.71
-5167.77
-5204.61
-5233.65
-5104.11
-5243.18
-5208.53
-5227.48
-5150.65
-5220.13
-5251.13
-5244.65
-5284.7
-5451.86
-5372.75
-5420.07
-5391.13
-5299.47
-5218.15
-5321.67
-5333.67
-5257.16
-5483.26
-5449.66
-5398.83
-5250.88
-5254.15
-5228.57
-5260.2
-5126.03
-5139.47
-5047.58
-5081.33
-5051.98
-5100.64
-5058.78
-5091.04
-5024.15
-5045.6
-5011.98
-4930.99
-4961.85
-5223.07
-5260.07
-5220.04
-5133.82
-5252.39
-5167.79
-5329.16
-5288.06
-5246.84
-5276.26
-5280.31
-5263.44
-5243.73
-5098.53
-5332.9
-5331.28
-5400.39
-5393.39
-5467.27
-5276.15
-5283.34
-5283.67
-5195.49
-5225.45
-5254.52
-5367.43
-5339.21
-5471.87
-5524.32
-5372.13
-5403.17
-5379.19
-5345.1
-5437.41
-5335.98
-5312.37
-5231.82
-5211.31
-5223.66
-5252.86
-5367.48
-5449.12
-5409.86
-5447.44
-5584.56
-5641.27
-5618.77
-5778.32
-5679.71
-5619.71
-5570.19
-5542.28
-5605.69
-5797.79
-5719.57
-5756.26
-5678.26
-5795.9
-5656.61
-5573.21
-5604.93
-5649.15
-5717.22
-5790.48
-5791.69
-5746.63
-5605.63
-5678.54
-5589.75
-5759.69
-5641.35
-5540.01
-5477.43
-5448.02
-5421.25
-5520.99
-5367.85
-5350.09
-5307.03
-5314.75
-5213.86
-5226.53
-5279.06
-5370.72
-5341.11
-5254.64
-5449.8
-5474.68
-5380.42
-5324.76
-5436.79
-5428.29
-5458.74
-5385.27
-5366.02
-5173.26
-5276.64
-5203.68
-5199.99
-5270.19
-5184.26
-5204.63
-5094.63
-5130.5
-5109.72
-5166.56
-5153.49
-5166.37
-5147.63
-5171.99
-5191.65
-5112.82
-5095.97
-5144.4
-4950.6
-5038.56
-4977.43
-5059.72
-5267.96
-5299.31
-5209.41
-5093.4
-5074.86
-4986.05
-4884.53
-5005.33
-5023.36
-5054.49
-5062.18
-5091.72
-5042.32
-5279.02
-5134.81
-5109.14
-5096.98
-5124.68
-5214.99
-5223.4
-5258.41
-5255.3
-5260.29
-5143.45
-5063.28
-5123.15
-5183.05
-5063.63
-5132.51
-5210.32
-5170.57
-5186.09
-5311.6
-5298.75
-5218.32
-5138.97
-5252.03
-5306.49
-5337.39
-5392.11
-5355.77
-5386.73
-5391.7
-5377.71
-5376.66
-5369.47
-5367.26
-5489.6
-5377.29
-5336.75
-5452.2
-5469.94
-5545.49
-5466.93
-5383.68
-5456.44
-5534.91
-5454.04
-5480.8
-5507.26
-5603.18
-5733.23
-5960.36
-5891.28
-5922.24
-5883.89
-5863.54
-5711.78
-5817.05
-5844.05
-5717.08
-5634.97
-5810.04
-5807.77
-5750.74
-5628.2
-5685.27
-5703.06
-5711.54
-5710.59
-5557.47
-5472.99
-5396.8
-5460.39
-5504.59
-5519.62
-5526.78
-5630.53
-5658.79
-5610.8
-5538.63
-5451.23
-5427.81
-5436.68
-5531.62
-5572.76
-5441.52
-5502.49
-5441.95
-5471.8
-5631.09
-5589.58
-5525.49
-5441.55
-5457.48
-5492.06
-5497.49
-5383.52
-5353.98
-5355.34
-5257.87
-5401.13
-5295.77
-5312.2
-5286.82
-5275.05
-5363.65
-5332.27
-5218.13
-5175.88
-5177.54
-5330.31
-5079.14
-5095.63
-5006.31
-5103.13
-5110.48
-5134.89
-5163.92
-5065.59
-5205.18
-5137.44
-5106.2
-5215.05
-5234.75
-5183.37
-5188.41
-5172.38
-5301.65
-5211.35
-5232.69
-5151.81
-5159.08
-5162.4
-5078.53
-5107.85
-5213.98
-5211.41
-5281.97
-5161.63
-5302.52
-5298.15
-5311.48
-5262.62
-5322.03
-5179.45
-5117.92
-5116.56
-5030.02
-5031.39
-5088.42
-5114.58
-5351.68
-5299.88
-5325.36
-5404.35
-5514.94
-5434.65
-5453.72
-5409.93
-5487.39
-5505.89
-5506.75
-5591.55
-5688.08
-5703.58
-5751.1
-5788.52
-5855.75
-5892.48
-5968.07
-6029.56
-5971.71
-5935.59
-5854.1
-5912.06
-5922.54
-5915.06
-6003.61
-5975.89
-6010.21
-6105.43
-6073.42
-6040.33
-6020.91
-6150.83
-6155.26
-6116.55
-6162.61
-6129.27
-6164.72
-6131.6
-6188.12
-6118.94
-6049.81
-5940.35
-5938.68
-5897.76
-5930.95
-6062.45
-6045
-5958.76
-5956.91
-5934.18
-5958.24
-6002.64
-6017.86
-6055.88
-6064.78
-6069.39
-6086.07
-5947.02
-5926.65
-5887.88
-5774.05
-5871.01
-5832.73
-5834.47
-5803.84
-5791.07
-5817.29
-5850.83
-5942.06
-5863.4
-5926.76
-5944.49
-5994.44
-6123.9
-6211.75
-6096.92
-6194.13
-6238.35
-6115.64
-6058.04
-6041.65
-6131.91
-6156.48
-6231.16
-6205.89
-6257.62
-6391.28
-6378.64
-6357.44
-6260.66
-6280.15
-6256.27
-6422.65
-6383.39
-6240.87
-6295.53
-6255.77
-6267.18
-6241.35
-6225.26
-6271.16
-6301.96
-6315.16
-6266.98
-6252.67
-6307.59
-6287.47
-6268.01
-6297.17
-6366.83
-6308.1
-6311.28
-6228.95
-6288.21
-6272.3
-6258.88
-6311.07
-6268.16
-6251.93
-6280.61
-6232.54
-6168.42
-6201.69
-6236.75
-6296.14
-6178.34
-6331.84
-6282.74
-6378.37
-6309.08
-6184.01
-6293.89
-6230.01
-6305.92
-6405.17
-6409.29
-6358.04
-6347.45
-6273.65
-6239.19
-6360.85
-6605.28
-6576.13
-6491.45
-6691.45
-6687.02
-6694.5
-6761.65
-6696.33
-6757.51
-6886.29
-6877.3
-6906.26
-6721.07
-6593.81
-6659.34
-6673.28
-6577.63
-6618.92
-6519.83
-6606.6
-6583.66
-6714.37
-6781.4
-6662.77
-6821.01
-6750.85
-6664.02
-6719.03
-6699.97
-6678.58
-6763.5
-6833.87
-6736.34
-6741.26
-6773.17
-6686.19
-6703.97
-6664.81
-6572.4
-6634.41
-6575.32
-6583.84
-6599.49
-6648.82
-6653.09
-6735.37
-6725.57
-6586.37
-6728.47
-6734.7
-6720.02
-6740.62
-6833.98
-6688.91
-6801.39
-7042.54
-6949.38
-7037.11
-6943.54
-7033.92
-7090.69
-7199.37
-7311.73
-7202.81
-7204.87
-7160.08
-7072.27
-7223.78
-7321.77
-7352.66
-7299.98
-7199.04
-7310.66
-7361.5
-7292.53
-7403.25
-7364.8
-7348.07
-7260.19
-7241.91
-7266.12
-7271.33
-7261.23
-7258.12
-7112.47
-7104.3
-7059.22
-7076.61
-7150.41
-7074.36
-6994.4
-6995.85
-7131.29
-7257.51
-7084.26
-7126.71
-7178.61
-7113.85
-7042.92
-7104.52
-7081.65
-7139.04
-7131.16
-7182.08
-7188.79
-7247.73
-7143.33
-7206.49
-7149.93
-7160.13
-7179.13
-7182.83
-7097.75
-7036.41
-7091.48
-6980.47
-6924.84
-7055.84
-6944.15
-7059.3
-7072.96
-7042.23
-7008.85
-7208.32
-7169.67
-7101.77
-7151.65
-7140.08
-7029.83
-7035
-6953.21
-7055.73
-7101.83
-6787.7
-6914.84
-6880.54
-6920.95
-6947.59
-6892.45
-6883.98
-6866.33
-6987.15
-7021.77
-7077.25
-7065.71
-6943.8
-7022.98
-7024.78
-7168.62
-7099.28
-6948.96
-6976.69
-6915.57
-6977.29
-7016.62
-6880.75
-6875.64
-6847.15
-6881.96
-6761.91
-6785.73
-6803.59
-6832.51
-6726.03
-6729.11
-6683.08
-6776
-6870.82
-6750.32
-6676.85
-6797.56
-6878.27
-6736.25
-6852.9
-6817.36
-6819.72
-6761.54
-6650.96
-6779.49
-6835.41
-6859.24
-6830.2
-6838.87
-6933.61
-6864.34
-6841.08
-6840.27
-6878.95
-6871.13
-6891.96
-6902.04
-6943.2
-6887.97
-6872.21
-6889.55
-6875.8
-6888.62
-6800.28
-6717.7
-6786.55
-6769.25
-6874.9
-6804.12
-6783.44
-6782.01
-6796.8
-6845.15
-6888.59
-6914.59
-7015.96
-6843.41
-6797.28
-6799.21
-6885.54
-6928.52
-6827.67
-6983.34
-6978.84
-6867.01
-6808.86
-6870.84
-6911.27
-6920.38
-7008.53
-7062.12
-7106.43
-6937.47
-6942.57
-6881.4
-6680.28
-6639.41
-6794.4
-6615.11
-6706.27
-6652.05
-6697.16
-6689.1
-6686.78
-6811.32
-6746.84
-6698.23
-6679.34
-6498.29
-6489.68
-6588.54
-6527.46
-6515.22
-6556.31
-6560.72
-6532.23
-6540.99
-6670.87
-6622.92
-6676.14
-6634.22
-6597.05
-6496.54
-6553.52
-6533.75
-6419.18
-6473.75
-6527.94
-6504.9
-6505.46
-6418.72
-6264.17
-6313.1
-6489.99
-6510.13
-6500.53
-6456.85
-6554.64
-6446.42
-6439.4
-6391.43
-6454.44
-6541.18
-6603.06
-6535.23
-6463.1
-6625.25
-6518.67
-6560.4
-6360.52
-6317.46
-6246.94
-6221.97
-6190.69
-6316.68
-6141.14
-6131.63
-6064.95
-6141.48
-6169.36
-6320.21
-6222.12
-6177.54
-6225.95
-6246.47
-6223.33
-6342.18
-6326.82
-6310.93
-6361.08
-6347.42
-6374.98
-6400.96
-6468.09
-6418.91
-6522.39
-6379.68
-6527.88
-6305.73
-6253.56
-6133.23
-6160.65
-6168.26
-6210.97
-6250.94
-6216.51
-6087.02
-6005.12
-6071.53
-6140.87
-6206.5
-6116.22
-6128.19
-6093.95
-6071.78
-6162.07
-6111.53
-5999.12
-6140.84
-6038.3
-6007.78
-6027.41
-6035.79
-6186.44
-6241.1
-6183.54
-6053.89
-5977.95
-5989.41
-5943.65
-5903.4
-5894.59
-5853.9
-5986.19
-6075.13
-6134.72
-6158
-6116.99
-6183.47
-6075
-6083.72
-6139.65
-6089.9
-6192.64
-6142.46
-6166.17
-6113.35
-6204.27
-6097.21
-6148.32
-6134.75
-6078.95
-6146.6
-6061.87
-6165.46
-6144.39
-6180.78
-6073.53
-5973.19
-6039.39
-6043.19
-5989.5
-6150.91
-6072.37
-6191.39
-6105.64
-6196.87
-6259.66
-6335.94
-6229.17
-6310.11
-6294.9
-6243.08
-6340.33
-6498.45
-6388.06
-6408.72
-6314.96
-6188.19
-5951.04
-6007.97
-6096.45
-6148.47
-6121.84
-5928.43
-6147.89
-6209.75
-6223.97
-6250.65
-6278.12
-6287.4
-6156.96
-6080.46
-6077.09
-6017.22
-6029.54
-6019.96
-5984.74
-6041.94
-6044.78
-6116.44
-6130.35
-6138.18
-6096.53
-5931.94
-5832.36
-6065.56
-6058.48
-6234.07
-6078.5
-6131.27
-6145.18
-6105.75
-6162.22
-6152.5
-6006.64
-5885.08
-5966.66
-6025.93
-6002.33
-5919.91
-5961.6
-5900.97
-6026.73
-5942.39
-6007.78
-6156.89
-6207.11
-6109.9
-6129.42
-6144.41
-6116.61
-6230.8
-6201.36
-6231.03
-6267
-6197.15
-6204.28
-6274.38
-6246.02
-6260.83
-6211.82
-6257.81
-6188.07
-6031.91
-5964.49
-6023.18
-6048.97
-6174.96
-6091.69
-6037.41
-6019.78
-5998.08
-6061.92
-6008.64
-6097.04
-6035.97
-6075.13
-6035.22
-6168.26
-6026.94
-6088.76
-6060.77
-5968.02
-5944.08
-5781.75
-5802.6
-5793.72
-5948.25
-5936.34
-5897.28
-5888.31
-5762.79
-5876.15
-5932.51
-5793.85
-5903.14
-5691.59
-5649.11
-5684.92
-5602.75
-5573.83
-5669.75
-5688.18
-5823.19
-5818.2
-5666.72
-5608.34
-5633.83
-5657.03
-5719.19
-5695.48
-5637.57
-5646.47
-5597.61
-5722.47
-5681.97
-5669.36
-5707.49
-5619.81
-5528.43
-5508.33
-5497.19
-5537.36
-5479.57
-5507.57
-5622.67
-5514.42
-5721.42
-5564.42
-5465.37
-5552.93
-5568.84
-5584.75
-5475.4
-5512.45
-5560.64
-5436.53
-5380.96
-5214.79
-5321.32
-5380.92
-5418.02
-5426.14
-5379.26
-5471.4
-5376.78
-5399.17
-5396.09
-5390.21
-5341.47
-5409.41
-5611.04
-5494.96
-5453.28
-5455.77
-5458.06
-5424.2
-5389.36
-5465.05
-5392.8
-5322.04
-5258.76
-5263.82
-5346.68
-5083.6
-5047.84
-5080.81
-5137.42
-5045.6
-5068.66
-5228.33
-5335.68
-5294.8
-5379.98
-5329.93
-5213.03
-5209.99
-5323.92
-5359.56
-5355.29
-5503.38
-5397.2
-5398.89
-5430.08
-5508.78
-5517.48
-5719.81
-5586.62
-5532.93
-5599.7
-5531
-5571.39
-5571.45
-5473.2
-5488.85
-5352.01
-5467
-5588.61
-5656.91
-5553.21
-5478.54
-5397.54
-5518.4
-5573.08
-5683.16
-5655.99
-5685.14
-5681.3
-5680.97
-5724.17
-5591.26
-5671.81
-5691.88
-5610.64
-5633
-5528.72
-5527.94
-5446.51
-5427.21
-5379.16
-5316.1
-5344.16
-5260.21
-5102.64
-5118.27
-5179.93
-5119.81
-5135.4
-5179.5
-5177.35
-5139.15
-5233.89
-5180.49
-5187.9
-5239.87
-5249.68
-5212.56
-5239.71
-5311.94
-5241.84
-5331.75
-5434.97
-5242.71
-5233.25
-5270.97
-5181.64
-5235.93
-5136.38
-5177.76
-5173.21
-5157.04
-5132.96
-5334.14
-5306.54
-5330.63
-5274.2
-5259.33
-5085.37
-5265.05
-5341.93
-5232.22
-5312.58
-5259.98
-5203.74
-5114.9
-5173.89
-5073.6
-5106.32
-5001.72
-4986.72
-5018.09
-5048.44
-5066.78
-5009.26
-4860.77
-4972.57
-4924.16
-4876.94
-5015.24
-4879.36
-4887.12
-4935.4
-4962.53
-5103.51
-4902.44
-4750.89
-4851.2
-4976.37
-4990.84
-5022.4
-5010.72
-4960.92
-4879.94
-4939.47
-4949.41
-5026.53
-4974.17
-5046.36
-5041.05
-4891.87
-4899.56
-4930.6
-4880.16
-4811.53
-4840.64
-4913.85
-4765.91
-4706.88
-4743
-4782.75
-4748.84
-4824.72
-4868.5
-4930.65
-4947.26
-4984.09
-4861.05
-4967.34
-5095.4
-5142.35
-5108.36
-5088.87
-5055.27
-5069.95
-5117.09
-5056
-5116.12
-5140.76
-5281.8
-5331.22
-5461.21
-5370.07
-5285.13
-5404.07
-5406.92
-5593.99
-5655.5
-5669.07
-5750.56
-5743.07
-5874.44
-5771.08
-5785.04
-5719.64
-5654.37
-5663.83
-5698.01
-5782.73
-5814.69
-5718.05
-5676.1
-5647.55
-5777.23
-5902.97
-5956.51
-5826.75
-5714.12
-5918.67
-5969.15
-5948.54
-5909.47
-5842.01
-5902.19
-5834.09
-5761.1
-5687.32
-5729.47
-5782.17
-5928.62
-6003.84
-6121.09
-6020.13
-6077.4
-6270.59
-6206.83
-6252.06
-6219.5
-6283.28
-6265.16
-6273.59
-6196.58
-6165.4
-6227.42
-6295.01
-6095.6
-6067.9
-6199.91
-6313.65
-6140.48
-5994.24
-6017.81
-5985.36
-5943
-6036.56
-5976.43
-5941.44
-6039.19
-6022.53
-6059.17
-6145.63
-6198.46
-6238.55
-6267.56
-6124.19
-6099.28
-6156.86
-6122.49
-6212.86
-6176.44
-6176.14
-6197.71
-6225.91
-6132.79
-6279.6
-6419.74
-6309.5
-6276.18
-6233.91
-6210.34
-6248.67
-6228.94
-6369.95
-6395.69
-6472.83
-6647.69
-6660.43
-6804.21
-6902.04
-7069.95
-7111.32
-7151.18
-7141.95
-7100.19
-7004.36
-7092.13
-6997.5
-7075.83
-6987.15
-7016.31
-7102.79
-7156.98
-7255.05
-7268.58
-7062.27
-7125.81
-7124.38
-7122.61
-7122.79
-7180.26
-7209.32
-7158.12
-7227.99
-7270
-7342.94
-7269.75
-7199.38
-7134.48
-7085.47
-7073.64
-7090.56
-7005.64
-6957.91
-7033.83
-7018.09
-6993.49
-7081.09
-7129.28
-7165.62
-7164.67
-7188.33
-7200.28
-7168.57
-7287.27
-7279.33
-7252.7
-7150.03
-7169.31
-7232.32
-7406.14
-7482.7
-7286.72
-7393.93
-7351.47
-7379.17
-7278.65
-7406.39
-7368.54
-7514.53
-7438.96
-7552.47
-7508.92
-7504.32
-7586.94
-7581.77
-7676.86
-7653.6
-7595.56
-7565.39
-7548.28
-7576.67
-7644.53
-7629.06
-7717.21
-7720.26
-7804.47
-7825.83
-7740.12
-7829.45
-7866.35
-7811.47
-7729.36
-7831.6
-7779.36
-7981.06
-7881.28
-7846.13
-7911.61
-8016.03
-8098.04
-8017.23
-8068.78
-8191.08
-8148.21
-8089.46
-8005.32
-7850.68
-7900.48
-7995.66
-8011.78
-7954.42
-7963.42
-7976.71
-7897.75
-7891.77
-7842.33
-7870.63
-7833.14
-7873.1
-7907.71
-7761.53
-7639.01
-7651.65
-7714.17
-7697.74
-7735.95
-7733.96
-7800.54
-7861.32
-7820.82
-7763.34
-7677
-7732.98
-7725.06
-7796.01
-7765.45
-7723.02
-7699.79
-7848.21
-7788.76
-7854.74
-7885.52
-7810
-7753.29
-7782.74
-7782.06
-7785.71
-7742.07
-7841.94
-7719.62
-7598.4
-7551.21
-7759.93
-7621.44
-7501.67
-7385.57
-7447.49
-7467
-7501.77
-7390.35
-7323.68
-7301.46
-7346.24
-7333.4
-7436.15
-7538.63
-7511.2
-7452.63
-7388.91
-7545.1
-7550.91
-7428.51
-7336.24
-7206.53
-7303.3
-7208.1
-7193.8
-7232.7
-7198.03
-7157.49
-7045.04
-7051.58
-7068.42
-7120.54
-7272.97
-7224.74
-7174.13
-7130.78
-7105.66
-7076.38
-7101.81
-6981.47
-6957.36
-6997.49
-6929.68
-6814.51
-6865.69
-6777.79
-6810.52
-6889.35
-6921.54
-7012.73
-6991.76
-6993.41
-6925.9
-6933.1
-6799.92
-6874.57
-6784.7
-6670.75
-6596.16
-6492.54
-6641.48
-6429.31
-6407.3
-6499.21
-6457.65
-6438.92
-6429.04
-6459.22
-6381.6
-6381.23
-6494.21
-6515.69
-6442.44
-6270.59
-6470.85
-6455.65
-6471.95
-6553.32
-6560.72
-6502.54
-6516.65
-6439.33
-6365.75
-6290.76
-6378.41
-6331.64
-6339.08
-6230.02
-6233.99
-6208.62
-6144.5
-6079.06
-6259.39
-6197.06
-6168.78
-6069.45
-6108.3
-6150.59
-5992.18
-6009.23
-6096.43
-6228.33
-6352.39
-6385.1
-6353.03
-6450.75
-6478.63
-6571.1
-6407.81
-6372.14
-6542.36
-6701.88
-6553.71
-6497.57
-6381.57
-6480.66
-6524.6
-6668.64
-6627.94
-6620.2
-6654.2
-6720.26
-6738.67
-6764.58
-6746.9
-6758.48
-6852.77
-6782.52
-6821.08
-6823.1
-6862.23
-6905.04
-7050.72
-7016.77
-6953.6
-7123.15
-7139.09
-7287.2
-7266.29
-7261.51
-7223.23
-7324.4
-7327.89
-7304.3
-7240.32
-7358.97
-7397.37
-7331.23
-7288.54
-7250.54
-7201.25
-7297.84
-7209.58
-7246.86
-7184.84
-7167.3
-7250.09
-7325.07
-7223.34
-7111.4
-7138.55
-7077.45
-7019.78
-6947.1
-6916.48
-6855.76
-6838.93
-6867.57
-6788.94
-6796.3
-6774.79
-6850.32
-6815.97
-6725.23
-6876.88
-6909.64
-6902.78
-6857.42
-6969.85
-6854.16
-6881.03
-6990.22
-7085.56
-7047.93
-6987.96
-6861.38
-6826.91
-7018.57
-7011.63
-7059.96
-7010.88
-7117.96
-7043.23
-7134.96
-7064.05
-7140.19
-7032.32
-6979.97
-7027.5
-7018.01
-7001.55
-6829.45
-6906.61
-6762.74
-6739.73
-6770.63
-6718.22
-6899.06
-6959.4
-6775.89
-6848.55
-6799.67
-6870.05
-6794.57
-6746.94
-6755.5
-6814.7
-6819.3
-6682.17
-6630.68
-6548.79
-6491.22
-6593.66
-6635.37
-6616.87
-6461.97
-6349.29
-6421.87
-6468.53
-6383.93
-6350.02
-6395.53
-6267.26
-6437.68
-6362.44
-6357.52
-6467.18
-6366.75
-6428.25
-6567.4
-6480.81
-6532.77
-6488.08
-6499.69
-6396.64
-6348.82
-6361.86
-6351.99
-6244.41
-6293.09
-6291.4
-6086.3
-6081.98
-6099.07
-6093.34
-6094.63
-6011.04
-6112.52
-6079.64
-5972.69
-5906.57
-5909.39
-5946.72
-5947.53
-5991.76
-5986.82
-6099.37
-5987.28
-5974.75
-5945.21
-5861.76
-5881.02
-5994.27
-5962.56
-6181.25
-6079.32
-5892.28
-5983.68
-6160.83
-6251.49
-6222.61
-6156.53
-6308.06
-6291.32
-6322.22
-6260.88
-6276.21
-6358.34
-6261.66
-6293.48
-6143.65
-6063.57
-6110.05
-6151.68
-6111.11
-6100.03
-6163.26
-6175.63
-6257.32
-6358.32
-6222.84
-6271.4
-6351.3
-6305.83
-6245.52
-6283.12
-6179.36
-6212.97
-6239.93
-6188.73
-6346.91
-6233.41
-6138.28
-6112.52
-6125.73
-6137.13
-6197.94
-6154.33
-6127.9
-6009.74
-6094.07
-5983.91
-6021.82
-5934.89
-5989.39
-6114.14
-6229.7
-6081.03
-6251.01
-6306.54
-6337.29
-6284.79
-6246.36
-6286.64
-6326.85
-6234.16
-6140.02
-6217.09
-6370.21
-6271.25
-6142.23
-6142.84
-6145.01
-6265.06
-6160.78
-6176.45
-6174.87
-6154.22
-6356.66
-6375.99
-6400.18
-6413.63
-6458.69
-6320.28
-6309.46
-6371.46
-6434.33
-6437.11
-6458.35
-6575.99
-6617.28
-6705.06
-6764.41
-6848.85
-6704.04
-6691.08
-6717.42
-6698.83
-6555.41
-6652.25
-6579.06
-6736.63
-6803.19
-6738.65
-6601.88
-6582.45
-6660.36
-6804.97
-6854.36
-6808.07
-6749.97
-6710.22
-6802.52
-6827.47
-6894.53
-6886.74
-6857.56
-6668.08
-6607.31
-6744.58
-6900.31
-6893.23
-6886.62
-6800.33
-6892.27
-6776.76
-6792.69
-6787.74
-6829.89
-6893.09
-7032.39
-6983.44
-6844.69
-6922.86
-6908.12
-6901.67
-7004.36
-7108.64
-7197.07
-7092.95
-7040.44
-7157.62
-7229.3
-7187.2
-7313.71
-7290.83
-7381.81
-7413.41
-7499.16
-7582.39
-7697.64
-7745.82
-7580.34
-7630.85
-7799.57
-7616.43
-7562.01
-7640.99
-7590.34
-7673.33
-7653.25
-7640
-7630.62
-7697.45
-7604.68
-7761.97
-7813.27
-7784.72
-7762.95
-7682.83
-7718.16
-7587.77
-7620.74
-7744.37
-7695.39
-7677.52
-7665.37
-7736.81
-7688.55
-7663.05
-7690.24
-7647.16
-7644.25
-7659.89
-7483.74
-7411.53
-7414.81
-7246.28
-7389.88
-7452.34
-7478.95
-7401.68
-7383.11
-7475.91
-7428.76
-7374.48
-7296.34
-7335.62
-7255.48
-7217.31
-7153.27
-7095.7
-7147.65
-7199.23
-7246.94
-7301.03
-7348.03
-7372.03
-7345.6
-7352.11
-7427.02
-7381.28
-7417.59
-7440.05
-7515.35
-7531.22
-7416.25
-7358.48
-7417.2
-7507.47
-7365.02
-7409.5
-7503.97
-7639.47
-7582.66
-7562.3
-7684.29
-7897.91
-7858.02
-7880.87
-7852.55
-7912.67
-7915.97
-7846.86
-7818.72
-7777.44
-7641.22
-7632.61
-7473.79
-7649.57
-7706.13
-7809.98
-7751.64
-7842.5
-7788.99
-7767.69
-7702.43
-7792.1
-7769.68
-7680.31
-7549.06
-7517.18
-7467.83
-7380.41
-7392.4
-7500.49
-7539.53
-7605.17
-7556.74
-7588.69
-7655.16
-7585.99
-7612.27
-7609.77
-7598.81
-7478.81
-7514.12
-7455.07
-7453.04
-7300.58
-7349.92
-7380.52
-7445.89
-7185.18
-7219.85
-7167.21
-7069.94
-7040.72
-7012.77
-6948.73
-7001.61
-7035.19
-6970.36
-6957.4
-7070.74
-6937.24
-6942.04
-6900.81
-6972.67
-6934.36
-7190.37
-6968.13
-6901.27
-6860.13
-6994.09
-6962.1
-6957.51
-6988.13
-7069.45
-6961.05
-6851.58
-6861.55
-6691.84
-6617.09
-6556.68
-6495.3
-6423.05
-6481.72
-6529.45
-6535.3
-6601.94
-6624.39
-6666.51
-6619.61
-6598.02
-6546.4
-6490.02
-6536.42
-6519.56
-6451.82
-6572.74
-6578.04
-6601.05
-6521.54
-6698.02
-6766.22
-6609.61
-6591.79
-6464.93
-6444.56
-6296.78
-6331.75
-6285.94
-6246.14
-6245.5
-6379.91
-6241.58
-6228.3
-6213.96
-6114.76
-6242.41
-6208.07
-6255.95
-6211.49
-6381.41
-6339.55
-6346.08
-6343.95
-6521.46
-6487.64
-6537.56
-6590.48
-6524.59
-6476.26
-6482.91
-6496.45
-6608.87
-6611.64
-6615.72
-6587.97
-6629.16
-6533.22
-6482.13
-6699.95
-6568.08
-6442.77
-6535.77
-6532.77
-6498.07
-6583.8
-6634.36
-6517.88
-6568.87
-6658.61
-6440.03
-6397.81
-6383.51
-6371.64
-6315.35
-6252.5
-6270.97
-6188.42
-6180.56
-6202.86
-6143.05
-6155.43
-6149.9
-6055.84
-5991.48
-5948.31
-5865.88
-5837.74
-5813.8
-5787.71
-5874.92
-5967.32
-6035.42
-5978.04
-5976.47
-5881.23
-5872.26
-5942.86
-5887.57
-6003.06
-5901.88
-5989.4
-5861.95
-5809.88
-5884.93
-5815.86
-5714.78
-5584.11
-5664.13
-5631.87
-5832.1
-5882.85
-5821.92
-5810.89
-5799.13
-5648.51
-5652.22
-5741.94
-5711.79
-5733.94
-5702.9
-5646.63
-5765.68
-5622.92
-5797.52
-5808.81
-5786.93
-5718.46
-5739
-5665.53
-5663.53
-5772.65
-5803.68
-5773.67
-5741.92
-5791.74
-5834.02
-5768.85
-5829.36
-5763.37
-5646.71
-5632.65
-5776.69
-5673.2
-5750.27
-5793.3
-5720.05
-5662.04
-5702.99
-5666.57
-5667.39
-5581.84
-5497.89
-5506.09
-5684.16
-5679.95
-5813.22
-5903.98
-5827.36
-5916.55
-6057.65
-6067.48
-6038.02
-5991.52
-6027.38
-6076.08
-6047
-6067.16
-5974.48
-5955.06
-5986.18
-5832.68
-5754.9
-5806.68
-5795.53
-5863.17
-5790.22
-5832.01
-5868.15
-5898.35
-6001.04
-6091.26
-6116.39
-6012.73
-6108.78
-6083.15
-6086.46
-5963.72
-6051.54
-6165.39
-6116.51
-5932.58
-5874.9
-5891.01
-5875.1
-5996.09
-6173.57
-6087.84
-6062.14
-6128.65
-6044.32
-6067.45
-5998.46
-6129.09
-6016.25
-6192.42
-6182.98
-6346.09
-6249.27
-6257.1
-6271.13
-6246.31
-6349.21
-6358.16
-6448.36
-6504.74
-6523.52
-6508.8
-6440.27
-6517.09
-6463.81
-6441.38
-6482.06
-6582.25
-6588.42
-6562.82
-6444.67
-6536.62
-6365.01
-6389.63
-6399.88
-6321.24
-6479.3
-6548.58
-6545.99
-6633.44
-6615.77
-6630.31
-6773.53
-6794.83
-6735.79
-6648.19
-6687.39
-6695.98
-6642.59
-6714.28
-6673.6
-6699.31
-6670.39
-6553.82
-6498.59
-6486.51
-6477.74
-6499.8
-6438.05
-6494.3
-6539.52
-6468.19
-6573.97
-6643.24
-6524.53
-6381.2
-6338.88
-6390.43
-6434.48
-6398.04
-6457.07
-6346.31
-6352.07
-6285.91
-6272.23
-6264.98
-6395.67
-6234.04
-6253.94
-6275.71
-6248.93
-6293.06
-6203.06
-6225.24
-6206.97
-6215.2
-6170.9
-6113.64
-6128.56
-6063.05
-6156.4
-6077.15
-6230.06
-6198.83
-6014.75
-6100.82
-6150.18
-6040
-6022.37
-6053.67
-6089.87
-6107.51
-6175.03
-6034.17
-6016.2
-6132.62
-6118.94
-5962.06
-6043.44
-6037.78
-6078.91
-6084.61
-5968.41
-6192.89
-6113.23
-6286.8
-6193.58
-6226.43
-6242.2
-6284.61
-6260.48
-6074.85
-6086.78
-6105.13
-6081.49
-6083.9
-6080.94
-6049.06
-5988.35
-5917.09
-5783.33
-5699.44
-5669
-5568.95
-5606.35
-5672.16
-5548.25
-5583.38
-5724.09
-5619.33
-5696.75
-5685.2
-5487.94
-5506.28
-5726.95
-5632.43
-5663.56
-5594.5
-5598.97
-5469.12
-5598.55
-5809.43
-5753.36
-5781.38
-5735.19
-5933.32
-6023.4
-6043.25
-6057.01
-6110.2
-6070.41
-6171.53
-6268.37
-6170.3
-6161.79
-6205.33
-6275.21
-6185.22
-6186.16
-6129.95
-6074.51
-6063.9
-6048.3
-6079.82
-6039.18
-6085.42
-6108.74
-6166.14
-6263.57
-6428.59
-6368.92
-6304.24
-6418.1
-6362.22
-6540.54
-6564.35
-6570.11
-6485.2
-6653.36
-6678.61
-6503.18
-6649.9
-6555.62
-6511.06
-6560.01
-6617.91
-6616.15
-6603.13
-6588.07
-6497.55
-6478.55
-6489.4
-6529.02
-6418.01
-6399.35
-6365.15
-6249.91
-6294.98
-6341.15
-6281.77
-6333.12
-6332.48
-6323.05
-6317.87
-6331.93
-6263.52
-6252.65
-6263.01
-6296.28
-6363.7
-6242.07
-6067.95
-6142.56
-6116.79
-6078.61
-6214.54
-6244.77
-6123.69
-6155.72
-6174.48
-6266.79
-6046.53
-5981.45
-6024.03
-5974.17
-6044.87
-6034.55
-6178.3
-6035.43
-6039.25
-5900.67
-5874.47
-5827.14
-5950.8
-6015.86
-6017.58
-5979.8
-5953.52
-5967.81
-5899.23
-5789.22
-5783.34
-5867.61
-5877.1
-5864.43
-5823.6
-5797.35
-5805.6
-5936.97
-5838.49
-5967.81
-6015.95
-6091.12
-5985.88
-5930.54
-5945.36
-5954.54
-5964.2
-5945.4
-5919.62
-5796.62
-5759.96
-5889.75
-5949.12
-5914.04
-5926.38
-6005.06
-5823.88
-5652.16
-5536.19
-5693.98
-5654.46
-5493.42
-5577.85
-5552.48
-5691.52
-5636.17
-5796.26
-5725.15
-5591.52
-5774.75
-5765.3
-5699.11
-5740.91
-5657.76
-5674.11
-5939.89
-5932.43
-5894.28
-5740.75
-5786.53
-5704.4
-5739.95
-5686.55
-5775.33
-5698.6
-5779.13
-5768.09
-5819.86
-5822.18
-5648.85
-5633.16
-5798.17
-6006.4
-5959.75
-5886.66
-5976.45
-5940.07
-5960.12
-5910.95
-5997.23
-6012.45
-5957.56
-5993.39
-6163.94
-6288.9
-6224.12
-6222.1
-6191.97
-6235.16
-6187.64
-6168.85
-6118.05
-6138.39
-6097.86
-6180.14
-6152.23
-6250.62
-6202.19
-6243.19
-6174.67
-6237.39
-6214.26
-6305.16
-6472.73
-6446.05
-6350.17
-6132.65
-6257.37
-6389.06
-6284.6
-6316.46
-6327.75
-6278.14
-6313.91
-6264.31
-6148.37
-6127.95
-6068.6
-6051.74
-6072.72
-6061.03
-6153.32
-6230.74
-6240.53
-6235.45
-6374.62
-6300.87
-6211.05
-6174.81
-6162.5
-6078.73
-6048.97
-5992.55
-6077.5
-6022.64
-6042.26
-6043.66
-6131.27
-6191.02
-6186.58
-6130.28
-6051.2
-6191.71
-6094.62
-6066.21
-6012.74
-5968.46
-5832.67
-5861.28
-5783.94
-5803.8
-5886.09
-5885.75
-5862.73
-5785.85
-5842.54
-5758.32
-5871.71
-5843.33
-5803.67
-5779.63
-5764.74
-5955.14
-5901.47
-5777.49
-5903.19
-5793.96
-5918.45
-5864.16
-5873.59
-5724.58
-5660.22
-5689.51
-5678.09
-5668.12
-5732.9
-5675.96
-5741.96
-5757.8
-5868.61
-5938.44
-5761.63
-5776.05
-5764.58
-5765.97
-5712.19
-5679.93
-5614.58
-5633.79
-5555.5
-5532.7
-5562.44
-5516.76
-5561.96
-5515.86
-5439.57
-5448.04
-5584.05
-5443.19
-5472.11
-5478.97
-5499.95
-5483.81
-5427.78
-5292.06
-5379.35
-5417.22
-5544.35
-5606.28
-5630.04
-5665.1
-5748.13
-5752.32
-5812.55
-5876.39
-5805.46
-5856.33
-5845.16
-5877.19
-5812.67
-5817.25
-5750.41
-5806.41
-5739.97
-5828.45
-5719.31
-5789.44
-5776.45
-5793.2
-5761.34
-5724.73
-5629.71
-5649.18
-5825.98
-5901.6
-5805.33
-5883.21
-5866.83
-5805.64
-5760.53
-5760.94
-5788.93
-5956.2
-5938.83
-5855.01
-6003.4
-5945.04
-5865.6
-5802.15
-5713.18
-5648.24
-5729.8
-5761.01
-5727.01
-5771.24
-5814
-5737.99
-5671.43
-5743.19
-5787.56
-5922.51
-6014.42
-5953.45
-5993.94
-6035.57
-6064.28
-5978.14
-6016.82
-6033.64
-6058.49
-6078.49
-6062.36
-6076.91
-6112.9
-5983.73
-5932.81
-5893.42
-5871.05
-6046.73
-6024.32
-6067.8
-6009.66
-5940.59
-5897.39
-5799.89
-5852.12
-5684.12
-5738.31
-5698.99
-5740.66
-5738.35
-5682.62
-5839.06
-5789.99
-5731.46
-5702.86
-5750.86
-5779.6
-5733.09
-5781
-5806.64
-5842.97
-5820.58
-5781.42
-5775.57
-5937.7
-5974.33
-5805.96
-5852.34
-5828.51
-6023.28
-5926.01
-5947.29
-5883.42
-5759.95
-5816.34
-5843.58
-5902.86
-5977.15
-5926.81
-5938.57
-5848.96
-5795.83
-5701.22
-5848.77
-5930.03
-5832.64
-5891.95
-5795.74
-5750.73
-5818.37
-5969.63
-5888.35
-5982.27
-5935.64
-5949.12
-6026.49
-6047.74
-6179.62
-6166.54
-6170.56
-6104.15
-6212.98
-6203.56
-6070.76
-6188.7
-6074.48
-5965.55
-6015.9
-6004.38
-5884.84
-5907.05
-5976.25
-5912.28
-5758.73
-5809.38
-5935.12
-5859.44
-6009.54
-5942.38
-5981.69
-5923.54
-5932.16
-5802.02
-5929.18
-5899.14
-5768.99
-5733.8
-5733.88
-5761.09
-5638.86
-5677.39
-5611.31
-5592.53
-5551.9
-5334.55
-5321.71
-5407.39
-5322.86
-5311.67
-5182.67
-5139.16
-5178.44
-5098.68
-5097.82
-4978.21
-5073.9
-5116.57
-5253.93
-5074.12
-5189.2
-5154.87
-5193.32
-5175.83
-5219.74
-5222.8
-5190.79
-5150.93
-5230.26
-5255.88
-5311.96
-5318.52
-5363.21
-5325.84
-5437.13
-5290.92
-5327.44
-5303.28
-5381.92
-5303.37
-5191.31
-5133.28
-5153.47
-5229.23
-5275.19
-5270.64
-5214.87
-5249.82
-5475.34
-5320.35
-5498.91
-5507.16
-5549.47
-5554.79
-5460.6
-5453.87
-5507.02
-5612.19
-5619.34
-5488.18
-5548.92
-5591.03
-5550.39
-5445.62
-5501.74
-5478.41
-5499.11
-5642.06
-5555.54
-5511.2
-5590.11
-5307.66
-5290.89
-5272.55
-5194.04
-5262.89
-5144.23
-5083.12
-5147.42
-5126.41
-5213.01
-5188.02
-5354.23
-5451.41
-5350.68
-5363.73
-5317.65
-5255.98
-5296.96
-5181.26
-5177.29
-5184.89
-5221.51
-5232.63
-5229.11
-5245.68
-5197.99
-5161.77
-5095.29
-5068.84
-4952.65
-4958.28
-5018.87
-5103.17
-5152.94
-5211.47
-5278.93
-5303.7
-5343.49
-5215.77
-5149.64
-5051.63
-5123.88
-5138.32
-5088.11
-4902.17
-4872.36
-4815.01
-4747.79
-4747.22
-4768.56
-4821.47
-4889.76
-4973.33
-4906.22
-4751.48
-4718.18
-4825.21
-4969.01
-4904.61
-4726.12
-4709.73
-4864.77
-4782.67
-4786.62
-4683.68
-4738.91
-4813
-4848.45
-4865.32
-4829.52
-4913.71
-4914.38
-4860.58
-4857.4
-4949.86
-4995.1
-4897.81
-4842.4
-4864.38
-4879.51
-4833.32
-4868.99
-4764.86
-4704.39
-4785.43
-4819.92
-4867
-4856.31
-4869.89
-5026.2
-5009.71
-4987.54
-5098.34
-5059.22
-5013.73
-5009.63
-5073.45
-5019.53
-5107.78
-5188.42
-5022.56
-5012.63
-5016.22
-4922.06
-4859.9
-4977.53
-4895.81
-4842.33
-4972.36
-4993.07
-5021.03
-4974.2
-4969.21
-4993.81
-4932.76
-4988.22
-4964.88
-4882.34
-4884.6
-4936.98
-4892.11
-4930.86
-4833.39
-4910.77
-4959.12
-4935.01
-4720.46
-4805.11
-4848.61
-4902.94
-4863.59
-4776.9
-4834.94
-4865.44
-4886.43
-4911.26
-4969.22
-4926.56
-4912.7
-4910.84
-4708.46
-4626.26
-4726.55
-4775.56
-4803.26
-4659.7
-4679.51
-4575.7
-4567.32
-4590.07
-4525.54
-4689.18
-4644.47
-4521.22
-4553.36
-4546.62
-4623.42
-4498.54
-4539.81
-4577.31
-4514.9
-4741.57
-4693.64
-4601.96
-4703.94
-4638.12
-4576
-4576.57
-4433.55
-4422.07
-4419.68
-4426.44
-4408.08
-4444.41
-4438.14
-4453.6
-4379.06
-4465.82
-4412.13
-4322.51
-4322.95
-4233.32
-4309.97
-4418.08
-4409.86
-4365.05
-4434.93
-4356.8
-4257.16
-4187.24
-4076.62
-3987.64
-4179.39
-4336.88
-4194.43
-4145.19
-4243.33
-4383
-4331.12
-4259.5
-4381.09
-4432.66
